0.410858 
0.015123 
0.022904 
0.028894 
0.037320 
0.040943 
0.041556 
0.041651 
0.041879 
0.428084 
0.046001 
0.049920 
0.040130 
0.037302 
0.006931 
0.026480 
0.007012 
0.010141 
0.014997 
0.013788 
0.010634 
0.020667 
0.025652 
0.029853 
0.028529 
0.011009 
0.008003 
0.010570 
0.019585 
0.026560 
0.026749 
0.025725 
0.026188 
0.017398 
0.015330 
0.017990 
0.015988 
0.015884 
0.015774 
0.018310 
0.017723 
0.011311 
0.009115 
0.006518 
0.017909 
0.020149 
0.017592 
0.017236 
0.015508 
0.014885 
0.014689 
0.015880 
0.017754 
0.016601 
0.019779 
0.015679 
0.005693 
0.006754 
0.013355 
0.009769 
0.007701 
0.008863 
0.008843 
0.007222 
0.005955 
0.005801 
0.005726 
0.005752 
0.005636 
0.006543 
0.021635 
0.008465 
0.006434 
0.009344 
0.015861 
0.016578 
0.027016 
0.028596 
0.018422 
0.013651 
0.016356 
0.014927 
0.005871 
0.013524 
0.005671 
0.007388 
0.006039 
0.008922 
0.006975 
0.007964 
0.005836 
0.005761 
0.005708 
0.007632 
0.006586 
0.005775 
0.005914 
0.006027 
0.005764 
0.005978 
0.007272 
0.009880 
0.007509 
0.005723 
0.005864 
0.010705 
0.019386 
0.038989 
0.041722 
0.031996 
0.022489 
0.027501 
0.028868 
0.016974 
0.016117 
0.020657 
0.012676 
0.025326 
0.014645 
0.016099 
0.026843 
0.014632 
0.013757 
0.009069 
0.010188 
0.009344 
0.011523 
0.009774 
0.010082 
0.009067 
0.009343 
0.008860 
0.010293 
0.009298 
0.009155 
0.009235 
0.010459 
0.008760 
0.009228 
0.009279 
0.009175 
0.009069 
0.012130 
0.009844 
0.008841 
0.009182 
0.009052 
0.031770 
0.017217 
0.015294 
0.014864 
0.017800 
0.030183 
0.012899 
0.015859 
0.026965 
0.034938 
0.021742 
0.024232 
0.023640 
0.032121 
0.027445 
0.029679 
0.023036 
0.015040 
0.016294 
0.016659 
0.015749 
0.025075 
0.022188 
0.025063 
0.026063 
0.026739 
0.027453 
0.026091 
0.027736 
0.027684 
0.027906 
0.030000 
0.018454 
0.007686 
0.014908 
0.015193 
0.027696 
0.027254 
0.028848 
0.027686 
0.027609 
0.027705 
0.035516 
0.007008 
0.019616 
0.017662 
0.016050 
0.015511 
0.015798 
0.480687 
0.053778 
0.071080 
0.044894 
0.039900 
0.015126 
0.016032 
0.035923 
0.024346 
0.036096 
0.054819 
0.052086 
0.051814 
0.050925 
0.050700 
0.044416 
0.021963 
0.007829 
0.008513 
0.008890 
0.006056 
0.009145 
0.009135 
0.009809 
0.009706 
0.010145 
0.009019 
0.009166 
0.009589 
0.005733 
0.005590 
0.011125 
0.007839 
0.005809 
0.006998 
0.005918 
0.009149 
0.006680 
0.006608 
0.005849 
0.005846 
0.013446 
0.009441 
0.009133 
0.012707 
0.010037 
0.009456 
0.009102 
0.010572 
0.008965 
0.009164 
0.008987 
0.009612 
0.009744 
0.010186 
0.005629 
0.005535 
0.007602 
0.008973 
0.011234 
0.008491 
0.006271 
0.009038 
0.005612 
0.010426 
0.007527 
0.007140 
0.008549 
0.008249 
0.007343 
0.008182 
0.005846 
0.008613 
0.005913 
0.005636 
0.007718 
0.007219 
0.007921 
0.005754 
0.007064 
0.007716 
0.006111 
0.005684 
0.006493 
0.009078 
0.009674 
0.009789 
0.009818 
0.009813 
0.009108 
0.005999 
0.011649 
0.016014 
0.014645 
0.022735 
0.021727 
0.019590 
0.006961 
0.012847 
0.007033 
0.007650 
0.005889 
0.007916 
0.011198 
0.009892 
0.023109 
0.018551 
0.018042 
0.029661 
0.010966 
0.010817 
0.006323 
0.010427 
0.009246 
0.008562 
0.012429 
0.010217 
0.010220 
0.009772 
0.008691 
0.009784 
0.010280 
0.008027 
0.008360 
0.010034 
0.010368 
0.012201 
0.008047 
0.011956 
0.009000 
0.009122 
0.008956 
0.009085 
0.010798 
0.007962 
0.009118 
0.009175 
0.009253 
0.013125 
0.013336 
0.006085 
0.009073 
0.013286 
0.012194 
0.010370 
0.009663 
0.007702 
0.007023 
0.006152 
0.009509 
0.009925 
0.007219 
0.011433 
0.009057 
0.010294 
0.013087 
0.009074 
0.009147 
0.009385 
0.009109 
0.008979 
0.011537 
0.010072 
0.009356 
0.009255 
0.009113 
0.009272 
0.011234 
0.030655 
0.013878 
0.007890 
0.006862 
0.009276 
0.009195 
0.011793 
0.010507 
0.009213 
0.009657 
0.017426 
0.019743 
0.018562 
0.028132 
0.019312 
0.028460 
0.029262 
0.036754 
0.025516 
0.025410 
0.023200 
0.026610 
0.024263 
0.027751 
0.031966 
0.036254 
0.022360 
0.033561 
0.025481 
0.041113 
0.039809 
0.027477 
0.031281 
0.029875 
0.043525 
0.014444 
0.042632 
0.039376 
0.034444 
0.036535 
0.040313 
0.023633 
0.012070 
0.010246 
0.010023 
0.009504 
0.009275 
0.011194 
0.009024 
0.009873 
0.009584 
0.009597 
0.009256 
0.009305 
0.009187 
0.009234 
0.009221 
0.011176 
0.010795 
0.009209 
0.010544 
0.009925 
0.015287 
0.016385 
0.009448 
0.007797 
0.009591 
0.008150 
0.009636 
0.010067 
0.005934 
0.007403 
0.005679 
0.005875 
0.009905 
0.006437 
0.005877 
0.012450 
0.010128 
0.011830 
0.009948 
0.010069 
0.013530 
0.011874 
0.011072 
0.011170 
0.015218 
0.008287 
0.008765 
0.006026 
0.006756 
0.008133 
0.005678 
0.005742 
0.005770 
0.009236 
0.009317 
0.009902 
0.010010 
0.009194 
0.009350 
0.009204 
0.010046 
0.011589 
0.010004 
0.009754 
0.009270 
0.009321 
0.009903 
0.011157 
0.011248 
0.010348 
0.018565 
0.028073 
0.015052 
0.028513 
0.029133 
0.016121 
0.017396 
0.015255 
0.015841 
0.026398 
0.020664 
0.028739 
0.424099 
0.042480 
0.018249 
0.038663 
0.051841 
0.021782 
0.038062 
0.058315 
0.019617 
0.036428 
0.051043 
0.017797 
0.033148 
0.037817 
0.055085 
0.034019 
0.034171 
0.031198 
0.035532 
0.048296 
0.025063 
0.049143 
0.016735 
0.031973 
0.008351 
0.020121 
0.019441 
0.026292 
0.005819 
0.009054 
0.005810 
0.009536 
0.011185 
0.015829 
0.009457 
0.014951 
0.025466 
0.008655 
0.011024 
0.014759 
0.024487 
0.016079 
0.024550 
0.009317 
0.009124 
0.020214 
0.455911 
0.058010 
0.013356 
0.030750 
0.011464 
0.009498 
0.016088 
0.025995 
0.033732 
0.050633 
0.046485 
0.053353 
0.030063 
0.067454 
0.057214 
0.048191 
0.010010 
0.011491 
0.008874 
0.007896 
0.010103 
0.010559 
0.014489 
0.026337 
0.024555 
0.034756 
0.033314 
0.016635 
0.018938 
0.022032 
0.020108 
0.015484 
0.015375 
0.019842 
0.012711 
0.018988 
0.019901 
0.032244 
0.021363 
0.014831 
0.023325 
0.034853 
0.031206 
0.017889 
0.035303 
0.029567 
0.042950 
0.008659 
0.009879 
0.009685 
0.018452 
0.010083 
0.010470 
0.006026 
0.005639 
0.006048 
0.007549 
0.005902 
0.005829 
0.007521 
0.010591 
0.009284 
0.009136 
0.009097 
0.010411 
0.006657 
0.008997 
0.009405 
0.007960 
0.013875 
0.019515 
0.027079 
0.027073 
0.026463 
0.033198 
0.017110 
0.016899 
0.025468 
0.016758 
0.026929 
0.038427 
0.427538 
0.012168 
0.007153 
0.018966 
0.043798 
0.057146 
0.036381 
0.030510 
0.011603 
0.006469 
0.010894 
0.027561 
0.013763 
0.041603 
0.026028 
0.017336 
0.016400 
0.022952 
0.029198 
0.022891 
0.011889 
0.028244 
0.037560 
0.016675 
0.026574 
0.031174 
0.063223 
0.033530 
0.049957 
0.006275 
0.011731 
0.035106 
0.042891 
0.041283 
0.043108 
0.040740 
0.006348 
0.018405 
0.017468 
0.015582 
0.017472 
0.010720 
0.008690 
0.008114 
0.007818 
0.010371 
0.010026 
0.008373 
0.009408 
0.024147 
0.017512 
0.016800 
0.015572 
0.015175 
0.015675 
0.017652 
0.025302 
0.029697 
0.029622 
0.029216 
0.028549 
0.029513 
0.023523 
0.025644 
0.039200 
0.022729 
0.038662 
0.045092 
0.044796 
0.020700 
0.022030 
0.027109 
0.040364 
0.027365 
0.024751 
0.037631 
0.029492 
0.044732 
0.029786 
0.030662 
0.035815 
0.037861 
0.035588 
0.395925 
0.041980 
0.037879 
0.023955 
0.007982 
0.007458 
0.009422 
0.009578 
0.011066 
0.027840 
0.035534 
0.028448 
0.031485 
0.048607 
0.027806 
0.045297 
0.054790 
0.046117 
0.014273 
0.050911 
0.049002 
0.049203 
0.049320 
0.011094 
0.007510 
0.008415 
0.011158 
0.005709 
0.015826 
0.007555 
0.015426 
0.008928 
0.005955 
0.009768 
0.007678 
0.010266 
0.028696 
0.026616 
0.010175 
0.009261 
0.021681 
0.007969 
0.010272 
0.010049 
0.010101 
0.009828 
0.009837 
0.007414 
0.009275 
0.006085 
0.005719 
0.009187 
0.009969 
0.009329 
0.009260 
0.006064 
0.007348 
0.009164 
0.016425 
0.007578 
0.009249 
0.006058 
0.007217 
0.008957 
0.005872 
0.009265 
0.005682 
0.006028 
0.007280 
0.005700 
0.005703 
0.005766 
0.006088 
0.006364 
0.008543 
0.005750 
0.007921 
0.005793 
0.008037 
0.009873 
0.008923 
0.009039 
0.009138 
0.014100 
0.009307 
0.011239 
0.431322 
0.021362 
0.018985 
0.034146 
0.060557 
0.055760 
0.064677 
0.067515 
0.043445 
0.050125 
0.024746 
0.039613 
0.026345 
0.018333 
0.012576 
0.017190 
0.010480 
0.011008 
0.009639 
0.012673 
0.009198 
0.010178 
0.014166 
0.019026 
0.023239 
0.018774 
0.034405 
0.039764 
0.038062 
0.035142 
0.028144 
0.027907 
0.040799 
0.043381 
0.024329 
0.023198 
0.014706 
0.027842 
0.032781 
0.014535 
0.018781 
0.014104 
0.008877 
0.008386 
0.020273 
0.009073 
0.007784 
0.011520 
0.007369 
0.005627 
0.026231 
0.007572 
0.005850 
0.008091 
0.008098 
0.009552 
0.008611 
0.015954 
0.012874 
0.023157 
0.010291 
0.016098 
0.011704 
0.010476 
0.010238 
0.018273 
0.019197 
0.015409 
0.025154 
0.022561 
0.034657 
0.030468 
0.009544 
0.009833 
0.020674 
0.017886 
0.016429 
0.022223 
0.023683 
0.024244 
0.029035 
0.017230 
0.011290 
0.006749 
0.008695 
0.006634 
0.006855 
0.007261 
0.006374 
0.008137 
0.005721 
0.006020 
0.006723 
0.006064 
0.005918 
0.011776 
0.012432 
0.010726 
0.021033 
0.021395 
0.027549 
0.015077 
0.030820 
0.013416 
0.022223 
0.020553 
0.020301 
0.019895 
0.007379 
0.022127 
0.039598 
0.038532 
0.017943 
0.050797 
0.045210 
0.037851 
0.035606 
0.041967 
0.052641 
0.027673 
0.039115 
0.504663 
0.060527 
0.047945 
0.014332 
0.034735 
0.050322 
0.041845 
0.050972 
0.051731 
0.028353 
0.050609 
0.017156 
0.032213 
0.032775 
0.037231 
0.040905 
0.037927 
0.042596 
0.040702 
0.008454 
0.020731 
0.009140 
0.010253 
0.026515 
0.036783 
0.017701 
0.044968 
0.049407 
0.070884 
0.046565 
0.063709 
0.005972 
0.043228 
0.025331 
0.005981 
0.016923 
0.021011 
0.027211 
0.036119 
0.033197 
0.027567 
0.027912 
0.031429 
0.016890 
0.022503 
0.020072 
0.009093 
0.009188 
0.009433 
0.018682 
0.015412 
0.023396 
0.027169 
0.005812 
0.009056 
0.006786 
0.009208 
0.009164 
0.014525 
0.014434 
0.014839 
0.014628 
0.014395 
0.018317 
0.017456 
0.015952 
0.014508 
0.017936 
0.017820 
0.017312 
0.024994 
0.039606 
0.014802 
0.017027 
0.011809 
0.008920 
0.014880 
0.015643 
0.015143 
0.030045 
0.039178 
0.021822 
0.375142 
0.006479 
0.040614 
0.049859 
0.054732 
0.011623 
0.045643 
0.048893 
0.048972 
0.010580 
0.032793 
0.017572 
0.016738 
0.019053 
0.010298 
0.021678 
0.021803 
0.008007 
0.018177 
0.019072 
0.029553 
0.028596 
0.008721 
0.009281 
0.020052 
0.015071 
0.005646 
0.026583 
0.026545 
0.022820 
0.022863 
0.029573 
0.017508 
0.011266 
0.009062 
0.009025 
0.011816 
0.010756 
0.009238 
0.009115 
0.019180 
0.021133 
0.021344 
0.015698 
0.015097 
0.015186 
0.015418 
0.017434 
0.016269 
0.012641 
0.012703 
0.013306 
0.021400 
0.006210 
0.005874 
0.007112 
0.006175 
0.006183 
0.030332 
0.031483 
0.010288 
0.009782 
0.008972 
0.009842 
0.011962 
0.010090 
0.010135 
0.011744 
0.010685 
0.009851 
0.009273 
0.010247 
0.009966 
0.013430 
0.010266 
0.010348 
0.009941 
0.010652 
0.009297 
0.009432 
0.009664 
0.009889 
0.009716 
0.009175 
0.015314 
0.016592 
0.015197 
0.014789 
0.016514 
0.022196 
0.023867 
0.024113 
0.234400 
0.008727 
0.008021 
0.006964 
0.006970 
0.007786 
0.006567 
0.007286 
0.008289 
0.008384 
0.009694 
0.007967 
0.007678 
0.007862 
0.007812 
0.008190 
0.010602 
0.010708 
0.013858 
0.010918 
0.007685 
0.007997 
0.008789 
0.006982 
0.007773 
0.007488 
0.006845 
0.006311 
0.007144 
0.006523 
0.006763 
0.005977 
0.006742 
0.007358 
0.006508 
0.006129 
0.005979 
0.007645 
0.008483 
0.008758 
0.007557 
0.005689 
0.005585 
0.006498 
0.007418 
0.006874 
0.006118 
0.006668 
0.010492 
0.008389 
0.007668 
0.009378 
0.008022 
0.005965 
0.011237 
0.006577 
0.012026 
0.012179 
0.005808 
0.010930 
0.011561 
0.012928 
0.016825 
0.009232 
0.013515 
0.015340 
0.013491 
0.014067 
0.019349 
0.015768 
0.014882 
0.007175 
0.013532 
0.020457 
0.021989 
0.020128 
0.013469 
0.018522 
0.009311 
0.043374 
0.049461 
0.080957 
0.038992 
0.031233 
0.047384 
0.043504 
0.050754 
0.022571 
0.015251 
0.023398 
0.021589 
0.009088 
0.009188 
0.008058 
0.007155 
0.008948 
0.009966 
0.008921 
0.006409 
0.017418 
0.010822 
0.024936 
0.030057 
0.033567 
0.011238 
0.010438 
0.007792 
0.008696 
0.017308 
0.007126 
0.009871 
0.007410 
0.021161 
0.017201 
0.034371 
0.023974 
0.010403 
0.020869 
0.013151 
0.019324 
0.012062 
0.012995 
0.009167 
0.009867 
0.012676 
0.009268 
0.009669 
0.027415 
0.023585 
0.021751 
0.022148 
0.026084 
0.013074 
0.011604 
0.009082 
0.013072 
0.029020 
0.034891 
0.026303 
0.017049 
0.013803 
0.032148 
0.011581 
0.023422 
0.014410 
0.010813 
0.018634 
0.035121 
0.005704 
0.028228 
0.051626 
0.033186 
0.032456 
0.034651 
0.019544 
0.020518 
0.027426 
0.006965 
0.038138 
0.033546 
0.018774 
0.019479 
0.022870 
0.043585 
0.050521 
0.051954 
0.051181 
0.020547 
0.028532 
0.027126 
0.024591 
0.046080 
0.034710 
0.020167 
0.014996 
0.016384 
0.027708 
0.016351 
0.017680 
0.033590 
0.028273 
0.050396 
0.033913 
0.048602 
0.050617 
0.027289 
0.034377 
0.043697 
0.012634 
0.024934 
0.031910 
0.026184 
0.025073 
0.016420 
0.026832 
0.007043 
0.009625 
0.008772 
0.008863 
0.010744 
0.023490 
0.027919 
0.031624 
0.010840 
0.018124 
0.034051 
0.039277 
0.024444 
0.039786 
0.028215 
0.018914 
0.013976 
0.022440 
0.030542 
0.031080 
0.024583 
0.022429 
0.016987 
0.019689 
0.014455 
0.018202 
0.041431 
0.008296 
0.012295 
0.022031 
0.019617 
0.011863 
0.009044 
0.010364 
0.017560 
0.021362 
0.034933 
0.008590 
0.018398 
0.026600 
0.023707 
0.024493 
0.034479 
0.043754 
0.030473 
0.032958 
0.042976 
0.040928 
0.052770 
0.039995 
0.037800 
0.023741 
0.036156 
0.024651 
0.036076 
0.040390 
0.043966 
0.038304 
0.058286 
0.055504 
0.037407 
0.013546 
0.025120 
0.024591 
0.048241 
0.049342 
0.028891 
0.033588 
0.423646 
0.068780 
0.052390 
0.061735 
0.034993 
0.056107 
0.029323 
0.014509 
0.010559 
0.006217 
0.009134 
0.010471 
0.008633 
0.022035 
0.017333 
0.024666 
0.029695 
0.007180 
0.006720 
0.009181 
0.015275 
0.009833 
0.009594 
0.009438 
0.011601 
0.012197 
0.013719 
0.009486 
0.006049 
0.006740 
0.006910 
0.008755 
0.006895 
0.007014 
0.010491 
0.010510 
0.008045 
0.006943 
0.009063 
0.008905 
0.011598 
0.009458 
0.012519 
0.007353 
0.011521 
0.009762 
0.009547 
0.007560 
0.008061 
0.009972 
0.007360 
0.005645 
0.007456 
0.006353 
0.008800 
0.009548 
0.006425 
0.008325 
0.008712 
0.008242 
0.008368 
0.009014 
0.009115 
0.008309 
0.009421 
0.009005 
0.008635 
0.011017 
0.008206 
0.009283 
0.009155 
0.009393 
0.009847 
0.009781 
0.005639 
0.018379 
0.026166 
0.024265 
0.036803 
0.018246 
0.025929 
0.037388 
0.037189 
0.037329 
0.025771 
0.029883 
0.005707 
0.017158 
0.009951 
0.009777 
0.009881 
0.012462 
0.014393 
0.009852 
0.009761 
0.011450 
0.010131 
0.012360 
0.010000 
0.008987 
0.008922 
0.008890 
0.023706 
0.021830 
0.016539 
0.018176 
0.024449 
0.023290 
0.023450 
0.037215 
0.045212 
0.037480 
0.041075 
0.033912 
0.027182 
0.023565 
0.023764 
0.020327 
0.017831 
0.015975 
0.026662 
0.023334 
0.024926 
0.041488 
0.015223 
0.029421 
0.034916 
0.038053 
0.043442 
0.046015 
0.047271 
0.056261 
0.070925 
0.065049 
0.050272 
0.011525 
0.026576 
0.024624 
0.022722 
0.041178 
0.012144 
0.026736 
0.037949 
0.025013 
0.032198 
0.037879 
0.037798 
0.023558 
0.019102 
0.017144 
0.035179 
0.044099 
0.033854 
0.020288 
0.042452 
0.042595 
0.055775 
0.040176 
0.034381 
0.037238 
0.038743 
0.041064 
0.044740 
0.031997 
0.019176 
0.047505 
0.047567 
0.045287 
0.032599 
0.036092 
0.032059 
0.044571 
0.037007 
0.009849 
0.061907 
0.065536 
0.065881 
0.054281 
0.046707 
0.016155 
0.031512 
0.040990 
0.040871 
0.049153 
0.048501 
0.052272 
0.022848 
0.034393 
0.026312 
0.046001 
0.015311 
0.037623 
0.040965 
0.020363 
0.013945 
0.012719 
0.012330 
0.012073 
0.013742 
0.008999 
0.015929 
0.012533 
0.008927 
0.020356 
0.043706 
0.040581 
0.042333 
0.042825 
0.039199 
0.049161 
0.049746 
0.046109 
0.048743 
0.014844 
0.018293 
0.007650 
0.007147 
0.012529 
0.018106 
0.009529 
0.007692 
0.014452 
0.014551 
0.012869 
0.014011 
0.014160 
0.018276 
0.017931 
0.007310 
0.015492 
0.018368 
0.034622 
0.036276 
0.054048 
0.398496 
0.061041 
0.044585 
0.011364 
0.033257 
0.040398 
0.033450 
0.043048 
0.040984 
0.033923 
0.034975 
0.037274 
0.046625 
0.055017 
0.055500 
0.053361 
0.039003 
0.047973 
0.045548 
0.027221 
0.019006 
0.039729 
0.040459 
0.037295 
0.030554 
0.040296 
0.037346 
0.014410 
0.037190 
0.029786 
0.038052 
0.018989 
0.019894 
0.020456 
0.012964 
0.009612 
0.015565 
0.014395 
0.009417 
0.009201 
0.020957 
0.022695 
0.020699 
0.019903 
0.021172 
0.021033 
0.019485 
0.019425 
0.028532 
0.028681 
0.028550 
0.027957 
0.028841 
0.027381 
0.028218 
0.028597 
0.031710 
0.021405 
0.019195 
0.017002 
0.028685 
0.016091 
0.034332 
0.018578 
0.017049 
0.017205 
0.042186 
0.011383 
0.008138 
0.017775 
0.016056 
0.016163 
0.023281 
0.028010 
0.015407 
0.016057 
0.023243 
0.033972 
0.036633 
0.032844 
0.033130 
0.035091 
0.037721 
0.035756 
0.020132 
0.014449 
0.019613 
0.017319 
0.022508 
0.022246 
0.025974 
0.026544 
0.031226 
0.023600 
0.006803 
0.006709 
0.010765 
0.019550 
0.027327 
0.027626 
0.031757 
0.026378 
0.028321 
0.026143 
0.031535 
0.012798 
0.014608 
0.010321 
0.016853 
0.011838 
0.010180 
0.014402 
0.017344 
0.011708 
0.010547 
0.017237 
0.015591 
0.019142 
0.019411 
0.018740 
0.030166 
0.005928 
0.014475 
0.012203 
0.017081 
0.006686 
0.009723 
0.015360 
0.015591 
0.015194 
0.014923 
0.012658 
0.013866 
0.014508 
0.010706 
0.009000 
0.023023 
0.028270 
0.021462 
0.026457 
0.022012 
0.038412 
0.034043 
0.024460 
0.043445 
0.033382 
0.056852 
0.054632 
0.035125 
0.021675 
0.019216 
0.027896 
0.031759 
0.032390 
0.031444 
0.021340 
0.021662 
0.029617 
0.026074 
0.020766 
0.024659 
0.029352 
0.029142 
0.016875 
0.020933 
0.033142 
0.020863 
0.014383 
0.022698 
0.026024 
0.031318 
0.018847 
0.024859 
0.024760 
0.033172 
0.025634 
0.025185 
0.026158 
0.028088 
0.025736 
0.023914 
0.024154 
0.022843 
0.023170 
0.025103 
0.014745 
0.014773 
0.014945 
0.012594 
0.015750 
0.014865 
0.014488 
0.016086 
0.008933 
0.009130 
0.010212 
0.016911 
0.012806 
0.024063 
0.026259 
0.020777 
0.016559 
0.009902 
0.012274 
0.020573 
0.017335 
0.019022 
0.039156 
0.037620 
0.029987 
0.031638 
0.034576 
0.039917 
0.016190 
0.015385 
0.025425 
0.015714 
0.015613 
0.024102 
0.028558 
0.033579 
0.036393 
0.036256 
0.034335 
0.018993 
0.020649 
0.009300 
0.009514 
0.013203 
0.014860 
0.008441 
0.013272 
0.016278 
0.015570 
0.014321 
0.015139 
0.023464 
0.034892 
0.038717 
0.028884 
0.006892 
0.008556 
0.007902 
0.008107 
0.009297 
0.010439 
0.009210 
0.029087 
0.026982 
0.027860 
0.022457 
0.027582 
0.027545 
0.033057 
0.021900 
0.017374 
0.025861 
0.035125 
0.015966 
0.014606 
0.015335 
0.014853 
0.014901 
0.016354 
0.012267 
0.007582 
0.021070 
0.028996 
0.034941 
0.036490 
0.036325 
0.040280 
0.034767 
0.034455 
0.034144 
0.024918 
0.015224 
0.021596 
0.034098 
0.038651 
0.035182 
0.015145 
0.035084 
0.036972 
0.044825 
0.013657 
0.034858 
0.005932 
0.015926 
0.027197 
0.012466 
0.009257 
0.015382 
0.027267 
0.028700 
0.020740 
0.018482 
0.012356 
0.009726 
0.009265 
0.010366 
0.010714 
0.010796 
0.017899 
0.023318 
0.023893 
0.023717 
0.023422 
0.022687 
0.024503 
0.023837 
0.029361 
0.029582 
0.042375 
0.030596 
0.043755 
0.027974 
0.017913 
0.032817 
0.022398 
0.021779 
0.016678 
0.042349 
0.047104 
0.049843 
0.028989 
0.036064 
0.030599 
0.041890 
0.047636 
0.010195 
0.019777 
0.017809 
0.022696 
0.008130 
0.032158 
0.013872 
0.041109 
0.030541 
0.037719 
0.029719 
0.048184 
0.038732 
0.028757 
0.035847 
0.041359 
0.045452 
0.041769 
0.020871 
0.042743 
0.041916 
0.037178 
0.041014 
0.009717 
0.028129 
0.020433 
0.009382 
0.009674 
0.009120 
0.009396 
0.009077 
0.008429 
0.009417 
0.017853 
0.028844 
0.027481 
0.024283 
0.035920 
0.030286 
0.044107 
0.040600 
0.036076 
0.045105 
0.010378 
0.025745 
0.019746 
0.023646 
0.036705 
0.041276 
0.061051 
0.052374 
0.050840 
0.045474 
0.050637 
0.051008 
0.046742 
0.047137 
0.059134 
0.032406 
0.034101 
0.033656 
0.026151 
0.023679 
0.020438 
0.026484 
0.035220 
0.046518 
0.040788 
0.035885 
0.037307 
0.033261 
0.011566 
0.015752 
0.018183 
0.019042 
0.023047 
0.024193 
0.028631 
0.026591 
0.025751 
0.016657 
0.017758 
0.016340 
0.011229 
0.024706 
0.009355 
0.018736 
0.024472 
0.021685 
0.027853 
0.048088 
0.038561 
0.042983 
0.038880 
0.039649 
0.017794 
0.031103 
0.035221 
0.032160 
0.016753 
0.025913 
0.025559 
0.024000 
0.018191 
0.019783 
0.017493 
0.028486 
0.029233 
0.026667 
0.033914 
0.046663 
0.015516 
0.014730 
0.042863 
0.042190 
0.024432 
0.025741 
0.006168 
0.010251 
0.016556 
0.030185 
0.030375 
0.030362 
0.006153 
0.033715 
0.029223 
0.031669 
0.033951 
0.022840 
0.034565 
0.014662 
0.019939 
0.030173 
0.015393 
0.016628 
0.021009 
0.018232 
0.015983 
0.016235 
0.033828 
0.028362 
0.028825 
0.025603 
0.018697 
0.016445 
0.038743 
0.033666 
0.041664 
0.022855 
0.053417 
0.047676 
0.008966 
0.055968 
0.049597 
0.045618 
0.047032 
0.030127 
0.035191 
0.028839 
0.032582 
0.029161 
0.026259 
0.014871 
0.020657 
0.017189 
0.020480 
0.015639 
0.014977 
0.017116 
0.025995 
0.020994 
0.008717 
0.016868 
0.038013 
0.039042 
0.044081 
0.034780 
0.035177 
0.458228 
0.078689 
0.042768 
0.051572 
0.050443 
0.047866 
0.052838 
0.044981 
0.055278 
0.037432 
0.039673 
0.053042 
0.019671 
0.020283 
0.022316 
0.006977 
0.006054 
0.010181 
0.008344 
0.006314 
0.006114 
0.006225 
0.005752 
0.008109 
0.020891 
0.013453 
0.013039 
0.008262 
0.391188 
0.025111 
0.036374 
0.029312 
0.014319 
0.035816 
0.039879 
0.014283 
0.031984 
0.047360 
0.008880 
0.044569 
0.047229 
0.058036 
0.032666 
0.011423 
0.027308 
0.022825 
0.018105 
0.016008 
0.027632 
0.026734 
0.014536 
0.017871 
0.012446 
0.011959 
0.015066 
0.012894 
0.018796 
0.009232 
0.040408 
0.007435 
0.009033 
0.011255 
0.009438 
0.029708 
0.009163 
0.009087 
0.013261 
0.015258 
0.014411 
0.014402 
0.014364 
0.014335 
0.015196 
0.010089 
0.008892 
0.008903 
0.009244 
0.010152 
0.008687 
0.009108 
0.009052 
0.009069 
0.008115 
0.008701 
0.008939 
0.008469 
0.007522 
0.009532 
0.007929 
0.008688 
0.008861 
0.007886 
0.008971 
0.008886 
0.009171 
0.009132 
0.009022 
0.006168 
0.009263 
0.008885 
0.005713 
0.007471 
0.005822 
0.005663 
0.005861 
0.007742 
0.007102 
0.007508 
0.009301 
0.009266 
0.008335 
0.007352 
0.008966 
0.009549 
0.015106 
0.014493 
0.014320 
0.015582 
0.011984 
0.011635 
0.009243 
0.009232 
0.010041 
0.007838 
0.012462 
0.021955 
0.019322 
0.017075 
0.019268 
0.019969 
0.018425 
0.015449 
0.006247 
0.007715 
0.008559 
0.021801 
0.016008 
0.019333 
0.389420 
0.043950 
0.016239 
0.037709 
0.044197 
0.021705 
0.034065 
0.011893 
0.011154 
0.020014 
0.037044 
0.051989 
0.020199 
0.025402 
0.028727 
0.029915 
0.036909 
0.041547 
0.023260 
0.023487 
0.018814 
0.020272 
0.009920 
0.009005 
0.008898 
0.009338 
0.013116 
0.009089 
0.014460 
0.020296 
0.015228 
0.014314 
0.015619 
0.014717 
0.015418 
0.022453 
0.007078 
0.009551 
0.010368 
0.011860 
0.011909 
0.018497 
0.015179 
0.018244 
0.018212 
0.019261 
0.019070 
0.010590 
0.018291 
0.017397 
0.013625 
0.013333 
0.012954 
0.010169 
0.011718 
0.009569 
0.017848 
0.027094 
0.028074 
0.027458 
0.021708 
0.014193 
0.014572 
0.014797 
0.010955 
0.016942 
0.018078 
0.013236 
0.008348 
0.012706 
0.012023 
0.011044 
0.022356 
0.022776 
0.021135 
0.021688 
0.020266 
0.021871 
0.013663 
0.035655 
0.017153 
0.010972 
0.011392 
0.028485 
0.028320 
0.015510 
0.014570 
0.020374 
0.014452 
0.020433 
0.016893 
0.016138 
0.015999 
0.017138 
0.015363 
0.014774 
0.009101 
0.012921 
0.005771 
0.007983 
0.009051 
0.015073 
0.012267 
0.009399 
0.020166 
0.018897 
0.017661 
0.015605 
0.009219 
0.010554 
0.012903 
0.015522 
0.015766 
0.017091 
0.014953 
0.014810 
0.006128 
0.019048 
0.015714 
0.018557 
0.014294 
0.010067 
0.018206 
0.028381 
0.028270 
0.014589 
0.012921 
0.014492 
0.017979 
0.028965 
0.023767 
0.016270 
0.017053 
0.023213 
0.014472 
0.020883 
0.017782 
0.017632 
0.017965 
0.030541 
0.034529 
0.035063 
0.034399 
0.036618 
0.249989 
0.006752 
0.011949 
0.008919 
0.009676 
0.012705 
0.017933 
0.012626 
0.012295 
0.009280 
0.007391 
0.017203 
0.021488 
0.009302 
0.016672 
0.026146 
0.018549 
0.022937 
0.018064 
0.036208 
0.031135 
0.036348 
0.007844 
